8063
7908
7926
7969
7993
7910
8093
7970
8007
7910
7910
7905
8065
7917
7895
7915
8072
7929
7960
7917
8174
7906
7923
7965
7921
7902
7994
7923
8055
7848
7953
7925
8077
7910
7920
7962
7937
7947
7950
7970
7995
7918
7982
7909
7984
7906
8095
7923
7995
7953
7910
7916
7975
7927
7980
7922
7974
7900
7897
7913
8062
7908
7905
7920
7988
7905
8080
7981
7946
7962
7915
7879
7993
7934
7973
7912
8064
7921
7920
7948
8005
7905
7890
7946
7979
7900
8082
7907
8015
7896
7968
7921
8015
7983
7970
7929
7998
7960
7923
7967
8037
7913
7894
7971
7985
7936
7955
7920
8019
7969
7898
7936
7994
7955
8036
7974
7929
7947
7925
7971
8047
7946
7840
7980
7983
7901
7911
7912
8008
7900
7972
7932
7998
7947
7916
7911
7970
7912
7915
7905
7968
7920
7978
7929
7993
7956
7902
7935
8010
7960
7915
7976
8030
7958
7939
7956
7926
7907
7986
7973
7944
7893
7982
7897
7975
7911
7937
7969
7904
7900
7903
7907
7996
7974
7923
7969
8001
7913
7897
7963
8008
7930
7970
7938
8065
7921
7952
7923
7991
7980
7912
7911
7995
7911
7970
7929
7983
7914
7964
7917
