4534
4495
4532
4544
4509
4526
4544
4562
4618
4633
4522
4564
4564
4510
4550
4533
4561
4525
4594
4585
4598
4551
4683
4577
4551
4540
4537
4549
4535
4539
4505
4548
4542
4505
4530
4575
4551
4520
4517
4507
4536
4546
4536
4538
4544
4518
4533
4523
4602
4516
4544
4551
4549
4542
4551
4550
4561
4517
4522
4521
4545
4555
4555
4534
4544
4527
4523
4540
4545
4559
4508
4552
4545
4533
4578
4547
4558
4531
4551
4525
4555
4539
4531
4547
4564
4528
4509
4530
4544
4521
4531
4518
4527
4496
4499
4536
4540
4527
4539
4530
4555
4635
4569
4646
4542
4524
4541
4576
4571
4530
4538
4536
4551
4533
4539
4539
4539
4496
4508
4518
4539
4514
4510
4533
4556
4534
4553
4524
4570
4505
4509
4528
4564
4535
4533
4542
4538
4529
4529
4592
4672
4599
4578
4566
4550
4560
4533
4574
4558
4521
4554
4536
4605
4530
4583
4523
4539
4544
4524
4530
4533
4540
4493
4584
4541
4517
4522
4579
4577
4527
4554
4560
4546
4531
4550
4540
4566
4513
4520
4539
4630
4631
4511
4589
4568
4596
4515
4564
4539
4541
4565
4546
4543
4590
4521
4558
4535
4554
4514
4542
