7899
7912
7907
7969
7999
7905
7898
7915
7964
7901
7904
7975
8115
7981
7894
7910
7999
7907
7908
8018
8063
7906
7918
7981
7920
7952
7916
7935
8057
7935
7952
7933
7993
7891
7987
7913
8009
7953
7909
7992
8010
7914
7908
7968
7997
7917
8108
7960
7943
7995
8020
7928
8055
7927
7905
7955
8025
7974
7942
7962
7994
7893
7908
7903
8038
7948
7912
7921
8060
7928
7986
7918
8076
7907
7992
7916
7994
7910
7954
7929
7971
7935
7957
7921
8021
7894
7954
7943
7991
7962
7909
7920
7969
7918
7965
7941
8100
7952
7905
7930
7967
7902
7990
7918
8076
7938
7967
7923
8065
7903
7918
7913
8000
7963
8104
7924
8000
7953
7905
7922
8000
7977
7929
7978
7984
8023
7968
7946
8057
7929
7990
7904
8076
7920
7985
7916
8069
7913
7966
7929
8018
7956
7930
7971
7993
7903
8097
7984
8030
8011
7898
7974
7977
7916
7924
7999
8053
7938
7973
7927
7999
7981
8000
7972
7941
7960
7940
7964
7976
7915
8008
7928
8054
7917
7907
7965
7905
7953
7960
7920
8068
7925
7891
7956
7993
7933
7909
7957
7927
7903
7967
7930
7982
7927
7958
8100
7987
7919
7903
7909
