5749
5792
5738
5734
5747
5739
5753
5765
5718
5730
5783
5745
5797
5724
5710
5710
5765
5710
5738
5748
5717
5715
5786
5742
5725
5733
5732
5742
5755
5705
5762
5739
5723
5724
5758
5712
5728
5697
5733
5724
5726
5717
5746
5809
5821
5743
5753
5753
5740
5750
5710
5723
5751
5738
5724
5759
5719
5725
5778
5720
5745
5728
5752
5737
5820
5764
5768
5737
5765
5733
5782
5738
5771
5728
5797
5749
5727
5702
5752
5724
5716
5730
5726
5729
5756
5752
5755
5722
5750
5710
5706
5725
5758
5734
5717
5760
5783
5728
5712
5740
5724
5718
5741
5743
5769
5734
5820
5774
5725
5746
5727
5731
5782
5719
5745
5720
5796
5699
5759
5733
5728
5755
5719
5756
5728
5736
5737
5785
5726
5724
5769
5721
5749
5721
5731
5753
5728
5728
5759
5732
5750
5729
5704
5716
5745
5725
5747
5723
5813
5760
5767
5757
5732
5739
5729
5756
5742
5725
5749
5732
5760
5718
5715
5756
5703
5711
5706
5758
5775
5744
5775
5715
5711
5724
5753
5725
5721
5742
5761
5732
5736
5701
5757
5720
5727
5709
5736
5736
5761
5721
5787
5750
5701
5740
5723
5718
5770
5724
5773
5735
