7984
7898
7928
7966
8005
7902
7920
7962
7990
7904
7927
7972
7983
7853
7902
7964
7932
7971
7900
7966
8017
7902
7905
7920
7983
7906
8023
7938
8086
7931
7964
7932
7977
7911
7898
7931
8004
7945
7933
7960
8037
7990
7961
7933
8000
7987
7926
7957
7921
7914
7971
7915
8066
7919
7905
8003
8027
7916
7921
7920
7984
7892
7903
7963
8002
7947
7973
7914
7992
7894
7923
7967
8008
7963
7903
7910
7978
7911
7922
7967
8002
7905
7913
7977
8037
7883
7989
7983
7946
7946
7914
7902
8032
7958
7933
7974
8011
7907
7904
7956
8019
7910
7998
7974
7986
7990
7925
7901
8014
7964
7904
7915
7969
7917
7903
7923
7981
7908
7894
7985
7979
7915
7924
7972
7993
7916
7978
7935
7991
7960
7923
7974
7941
7968
7918
7962
7995
7916
7989
8006
8104
7911
7974
7924
8065
7933
7953
7996
7944
7983
7901
7975
8005
7982
7954
7960
8012
7979
8004
7984
7936
7970
7936
7956
7935
7958
7923
7920
7964
7978
7935
7971
7990
7905
7912
7986
7925
8075
7989
7984
7997
7909
7934
7976
7975
7924
7951
7916
7984
7902
7902
7933
8078
7911
7898
7910
7969
7911
7959
7914
