4542
4526
4522
4617
4556
4541
4519
4567
4557
4583
4536
4623
4528
4543
4535
4535
4640
4573
4532
4528
4580
4506
4552
4569
4565
4619
4534
4547
4558
4562
4552
4618
4532
4544
4540
4547
4547
4556
4526
4591
4590
4554
4670
4651
4605
4575
4552
4589
4562
4545
4565
4592
4571
4564
4525
4594
4576
4549
4519
4548
4602
4530
4531
4530
4533
4539
4511
4561
4563
4562
4517
4531
4554
4540
4563
4564
4544
4523
4589
4522
4532
4565
4627
4532
4562
4547
4515
4548
4549
4542
4520
4560
4561
4528
4548
4632
4568
4554
4566
4568
4536
4578
4539
4552
4576
4527
4518
4566
4702
4565
4715
4581
4545
4585
4516
4531
4549
4558
4567
4541
4548
4550
4528
4593
4564
4551
4523
4541
4555
4527
4508
4537
4524
4506
4536
4550
4543
4519
4523
4530
4543
4499
4498
4518
4535
4508
4526
4689
4619
4558
4523
4540
4532
4549
4550
4549
4545
4568
4522
4521
4537
4567
4506
4552
4545
4525
4507
4547
4550
4543
4508
4565
4533
4509
4546
4558
4539
4532
4516
4548
4555
4504
4517
4549
4533
4511
4524
4573
4648
4552
4549
4566
4530
4502
4508
4533
4553
4533
4527
4545
