11440
11382
11299
11382
11395
11298
11313
11312
11400
11302
11276
11396
11401
11377
11304
11310
11494
11287
11306
11324
11397
11273
11303
11322
11396
11297
11362
11335
11398
11281
11290
11316
11402
11298
11284
11385
11407
11306
11304
11305
11463
11235
11366
11407
11408
11290
11282
11320
11402
11284
11289
11312
11393
11310
11298
11321
11470
11280
11220
11314
11469
11301
11212
11384
11494
11324
11373
11319
11577
11309
11307
11305
11387
11290
11306
11388
11421
11365
11294
11410
11414
11378
11221
11380
11391
11229
11293
11371
11401
11233
11272
11384
11421
11285
11293
11319
11499
11374
11218
11301
11406
11365
11314
11394
11494
11399
11324
11388
11474
11318
11285
11392
11409
11311
11303
11374
11506
11317
11365
11331
11384
11317
11381
11380
11507
11223
11293
11374
11418
11298
11300
11375
11428
11296
11370
11294
11403
11330
11363
11331
11482
11307
11387
11487
11489
11223
11309
11371
11400
11387
11306
11310
11414
11362
11297
11346
11556
11298
11219
11393
11403
11298
11297
11304
11480
11320
11296
11369
11406
11300
11423
11395
11496
11296
11394
11399
11388
11299
11300
11385
11504
11294
11302
11388
11393
11298
11305
11394
11416
11369
11308
11388
11427
11366
11234
11310
11472
11306
11289
11392
