11402
11374
11327
11396
11404
11296
11296
11390
11397
11382
11307
11312
11398
11289
11301
11313
11395
11296
11297
11381
11489
11310
11280
11327
11498
11303
11286
11312
11482
11294
11296
11294
11394
11296
11305
11226
11498
11291
11284
11307
11405
11304
11276
11311
11403
11291
11290
11305
11499
11470
11301
11328
11484
11299
11335
11355
11485
11304
11302
11302
11516
11387
11288
11286
11398
11325
11376
11306
11422
11282
11307
11378
11401
11289
11228
11298
11585
11300
11302
11394
11402
11377
11291
11314
11388
11298
11305
11309
11404
11377
11315
11393
11478
11310
11363
11232
11577
11312
11285
11312
11404
11286
11383
11318
11394
11305
11292
11392
11511
11304
11365
11309
11408
11303
11288
11380
11418
11281
11294
11319
11406
11296
11298
11376
11424
11294
11300
11376
11405
11310
11377
11307
11490
11300
11307
11311
11497
11284
11311
11387
11416
11293
11298
11387
11479
11323
11295
11377
11429
11304
11297
11376
11485
11325
11304
11381
11418
11367
11298
11320
11489
11318
11363
11324
11479
11302
11221
11371
11414
11303
11304
11398
11477
11295
11298
11308
11487
11291
11227
11368
11411
11316
11375
11316
11500
11374
11320
11403
11476
11312
11293
11309
11665
11311
11320
11377
11417
11378
11295
11311
