5751
5712
5725
5771
5725
5749
5722
5727
5782
5751
5718
5771
5737
5707
5763
5722
5751
5746
5717
5736
5718
5724
5705
5740
5737
5728
5734
5711
5726
5727
5784
5790
5753
5720
5721
5764
5739
5742
5725
5714
5721
5731
5788
5718
5733
5707
5735
5735
5721
5739
5756
5745
5757
5752
5738
5741
5721
5719
5710
5750
5723
5719
5694
5715
5725
5728
5721
5715
5754
5709
5707
5723
5757
5738
5701
5757
5784
5716
5804
5723
5745
5733
5722
5742
5734
5743
5726
5731
5764
5736
5736
5733
5761
5730
5770
5739
5749
5665
5746
5732
5749
5722
5785
5745
5759
5726
5777
5724
5752
5703
5785
5718
5729
5781
5736
5780
5760
5734
5775
5733
5745
5708
5719
5756
5730
5728
5737
5744
5714
5760
5717
5719
5747
5721
5723
5745
5844
5740
5719
5744
5737
5721
5712
5700
5730
5750
5791
5739
5743
5718
5780
5721
5724
5709
5726
5717
5750
5796
5847
5769
5732
5719
5704
5750
5766
5738
5755
5757
5742
5727
5707
5720
5723
5716
5702
5730
5746
5689
5695
5730
5753
5722
5720
5759
5728
5746
5729
5757
5803
5717
5713
5726
5737
5734
5714
5739
5718
5723
5754
5802
