5741
5778
5722
5737
5750
5754
5758
5748
5773
5758
5713
5744
5701
5724
5760
5741
5755
5726
5802
5805
5766
5745
5784
5756
5734
5769
5800
5740
5754
5729
5850
5747
5748
5729
5721
5746
5732
5724
5739
5759
5782
5752
5764
5739
5722
5723
5762
5723
5767
5722
5782
5728
5722
5740
5702
5724
5761
5708
5727
5718
5753
5977
5922
5728
5756
5749
5753
5762
5724
5791
5813
5800
5785
5718
5760
5754
5765
5717
5758
5739
5749
5705
5729
5801
5795
5758
5710
5740
5742
5724
5712
5764
5753
5736
5723
5740
5767
5718
5696
5738
5715
5700
5718
5724
5763
5708
5714
5707
5759
5726
5704
5762
5729
5779
5707
5719
5761
5712
5708
5762
5716
5729
5735
5730
5757
5727
5731
5705
5741
5715
5778
5722
5764
5703
5727
5713
5783
5703
5738
5764
5708
5716
5776
5758
5743
5761
5708
5707
5710
5722
5762
5731
5762
5701
5736
5773
5755
5716
5731
5765
5796
5727
5766
5717
5722
5765
5875
5762
5749
5720
5758
5743
5722
5739
5725
5735
5756
5750
5731
5745
5711
5728
5727
5735
5745
5719
5719
5748
5752
5745
5796
5737
5758
5711
5780
5723
5717
5741
5748
5746
