4546
4534
4527
4564
4548
4528
4626
4667
4587
4521
4519
4546
4568
4532
4530
4551
4564
4549
4530
4584
4603
4561
4550
4535
4538
4520
4517
4533
4524
4523
4519
4518
4537
4558
4521
4550
4536
4519
4510
4532
4527
4531
4525
4530
4562
4540
4604
4546
4550
4527
4547
4522
4555
4521
4508
4542
4541
4608
4531
4658
4568
4580
4529
4551
4541
4543
4543
4535
4546
4555
4568
4547
4695
4562
4564
4542
4549
4549
4536
4575
4570
4527
4518
4579
4593
4544
4588
4606
4565
4529
4533
4549
4535
4525
4526
4526
4548
4503
4539
4576
4537
4529
4569
4565
4512
4524
4537
4513
4588
4521
4539
4590
4610
4546
4550
4530
4550
4541
4533
4545
4533
4524
4511
4530
4534
4592
4504
4573
4552
4524
4531
4549
4525
4552
4566
4558
4554
4549
4764
4792
4616
4534
4533
4567
4564
4536
4542
4562
4551
4540
4514
4598
4590
4535
4511
4535
4563
4527
4503
4517
4534
4494
4525
4544
4552
4553
4560
4596
4542
4539
4510
4542
4561
4521
4555
4548
4518
4499
4543
4531
4536
4537
4554
4551
4552
4508
4517
4543
4536
4614
4512
4570
4560
4530
4510
4558
4522
4543
4503
4566
