11387
11297
11316
11291
11500
11288
11272
11313
11680
11308
11223
11299
11496
11376
11313
11377
11422
11300
11301
11294
11468
11298
11221
11454
11418
11301
11372
11306
11485
11311
11296
11306
11487
11289
11313
11386
11491
11233
11276
11388
11524
11295
11275
11312
11478
11303
11312
11316
11396
11363
11307
11391
11431
11298
11290
11376
11331
11297
11290
11305
11477
11301
11289
11308
11477
11301
11330
11391
11496
11304
11293
11468
11409
11305
11292
11393
11505
11304
11300
11316
11479
11396
11315
11374
11492
11295
11223
11488
11489
11317
11299
11403
11490
11310
11370
11391
11509
11391
11302
11392
11491
11331
11294
11392
11480
11299
11297
11394
11513
11289
11291
11313
11417
11369
11298
11392
11506
11322
11369
11327
11477
11320
11299
11365
11414
11301
11306
11371
11331
11388
11305
11392
11493
11296
11303
11303
11465
11297
11295
11322
11580
11313
11300
11380
11420
11309
11276
11311
11475
11297
11302
11314
11474
11300
11298
11309
11488
11295
11298
11308
11490
11298
11305
11306
11413
11280
11309
11394
11500
11281
11296
11325
11470
11319
11280
11304
11416
11374
11290
11400
11405
11308
11382
11311
11483
11306
11226
11368
11401
11290
11306
11299
11406
11386
11298
11312
11393
11294
11308
11380
