20
19
18
19
18
17
18
19
19
18
18
24
18
18
18
18
17
18
19
18
19
18
18
18
18
21
18
17
21
19
22
17
18
19
19
17
17
23
18
18
18
29
24
18
20
20
19
19
21
19
17
20
18
23
20
18
18
17
17
17
21
18
18
23
18
20
17
18
18
18
18
19
19
19
19
18
18
19
18
18
18
18
18
18
19
18
19
19
19
18
19
19
18
19
20
19
17
18
18
18
17
17
18
18
19
18
18
20
19
19
19
18
18
19
19
19
18
18
19
19
20
20
21
18
19
19
18
17
18
18
18
19
18
18
19
18
19
20
19
20
19
18
19
17
18
18
18
17
18
18
19
19
19
18
19
18
19
18
18
18
18
20
18
19
18
18
18
18
18
18
20
19
19
20
19
18
18
19
21
18
18
18
18
20
19
19
21
20
21
19
18
19
19
18
18
20
18
18
19
18
