26
22
20
21
24
26
20
25
20
22
28
19
19
20
24
21
24
19
24
23
20
22
20
25
21
21
21
23
18
19
21
18
23
19
20
19
23
19
18
19
19
19
30
20
21
26
19
29
21
26
24
23
20
20
24
22
20
25
20
27
32
20
25
22
19
26
18
20
21
25
20
28
20
19
19
24
29
20
19
29
18
25
18
19
19
20
20
20
24
25
22
24
23
21
18
18
25
25
23
21
24
26
18
22
19
18
20
18
19
21
23
25
20
22
20
21
18
18
29
20
19
23
21
18
20
18
20
18
20
20
18
22
19
20
20
19
26
52
23
19
20
20
19
21
23
22
22
20
25
26
20
19
28
20
20
20
23
19
18
19
18
23
19
19
18
20
21
19
18
20
18
18
18
19
30
20
21
20
19
20
20
21
19
20
19
19
18
19
20
19
21
18
18
18
19
20
19
35
18
19
