11020
10999
11027
11080
11010
11068
10928
11078
11081
10946
11054
11020
11008
11082
11113
11074
10997
11105
11014
11070
11013
11281
11006
11018
11082
11036
11071
11011
11073
11016
11017
11064
11014
11072
11217
11104
11069
11009
10997
11014
11103
11096
11096
11220
11150
11035
11072
11004
11010
11005
11079
11015
11094
11014
11060
10995
11009
10999
11019
11065
11006
11010
11091
11085
11030
10998
11073
11117
11074
11019
11075
11122
11008
11156
11015
11012
11063
11013
11088
11026
11078
11006
11103
11098
11006
11067
11026
11067
11017
11078
10996
11114
11015
11067
11021
11094
11093
11005
11012
11160
11017
11087
11017
11090
11010
11075
10932
11073
11012
11076
11081
11056
11030
11276
11008
11077
11001
11018
11073
11131
11065
11102
11201
11001
11001
10999
11019
11083
10989
11089
11004
11120
11083
11006
11092
11015
11082
11095
11170
11019
11113
11073
11016
11088
11095
11017
11066
11027
11075
10999
11008
11083
11015
11083
11000
11085
11105
11003
11003
11009
11002
11002
11077
11016
11069
11220
11076
11015
11013
11086
11108
11084
11106
11069
11129
11081
11018
11067
11013
11086
11025
11082
11079
11111
11025
11068
11014
11080
11021
11016
11069
11082
11196
11103
11097
11103
11021
11094
11068
11029
