4562
4498
4523
4483
4513
4530
4489
4508
4470
4503
4539
4762
4591
4647
4552
4538
4546
4535
4454
4554
4525
4509
4497
4497
4524
4471
4588
4543
4494
4500
4478
4493
4477
4535
4471
4547
4477
4495
4489
4480
4485
4469
4475
4481
4513
4533
4477
4661
4484
4596
4602
4765
4570
4599
4589
4538
4496
4514
4478
4483
4472
4454
4460
4458
4483
4479
4489
4491
4457
4522
4476
4500
4520
4483
4477
4495
4452
4502
4486
4516
4519
4462
4460
4495
4480
4503
4514
4499
4514
4485
4480
4495
4514
4603
4479
4507
4533
4488
4477
4534
4478
4467
4467
4543
4581
4502
4485
4583
4482
4533
4493
4478
4465
4476
4471
4476
4547
4500
4494
4472
4506
4469
4461
4470
4478
4472
4466
4465
4457
4478
4472
4490
4485
4508
4495
4480
4500
4456
4448
4470
4461
4469
4462
4483
4490
4455
4477
4481
4489
4502
4473
4476
4509
4518
4475
4516
4489
4471
4466
4492
4518
4481
4464
4463
4513
4466
4452
4498
4496
4466
4467
4494
4457
4477
4480
4500
4466
4456
4456
4477
4463
4468
4466
4470
4489
4476
4483
4606
4463
4474
4465
4507
4473
4459
4477
4473
4490
4465
4482
4471
